start=4971.750000
speed=2.143589
pause=yes
